#poids.dat
#Position A C D E F G H I K L M N P Q R S T V W Y -
0 1.7655367231638418E-4 1.7655367231638418E-4 1.7655367231638418E-4 1.7655367231638418E-4 1.7655367231638418E-4 1.7655367231638418E-4 1.7655367231638418E-4 0.09887005649717515 0.1325918079096045 1.7655367231638418E-4 1.7655367231638418E-4 1.7655367231638418E-4 1.7655367231638418E-4 0.03672316384180791 0.19932909604519775 1.7655367231638418E-4 0.03954802259887006 0.1772598870056497 1.7655367231638418E-4 1.7655367231638418E-4 0.3132062146892655
1 0.7252824858757062 1.7655367231638418E-4 1.7655367231638418E-4 1.7655367231638418E-4 1.7655367231638418E-4 0.001059322033898305 1.7655367231638418E-4 1.7655367231638418E-4 1.7655367231638418E-4 1.7655367231638418E-4 1.7655367231638418E-4 1.7655367231638418E-4 1.7655367231638418E-4 1.7655367231638418E-4 1.7655367231638418E-4 1.7655367231638418E-4 0.011122881355932203 0.10434322033898305 1.7655367231638418E-4 1.7655367231638418E-4 0.1553672316384181
2 0.010240112994350282 0.001942090395480226 3.5310734463276836E-4 0.021892655367231638 0.001942090395480226 5.296610169491525E-4 3.5310734463276836E-4 0.1195268361581921 0.06567796610169492 0.5582627118644068 0.04413841807909605 0.0026483050847457626 1.7655367231638418E-4 0.023128531073446326 0.014477401129943503 0.0031779661016949155 0.007415254237288136 0.041666666666666664 1.7655367231638418E-4 1.7655367231638418E-4 0.08209745762711865
3 0.023128531073446326 0.0022951977401129945 0.0017655367231638418 7.062146892655367E-4 0.1274717514124294 0.004060734463276836 0.05402542372881356 0.0012358757062146894 0.008298022598870056 0.012182203389830509 0.0024717514124293787 0.0026483050847457626 1.7655367231638418E-4 0.003001412429378531 0.0017655367231638418 0.00211864406779661 0.0024717514124293787 0.004413841807909605 0.0167725988700565 0.6663135593220338 0.06267655367231638
4 0.05755649717514124 3.5310734463276836E-4 0.5351341807909604 0.03637005649717514 3.5310734463276836E-4 0.009887005649717515 0.003707627118644068 1.7655367231638418E-4 0.018538135593220338 1.7655367231638418E-4 0.0015889830508474577 0.06867937853107345 0.1027542372881356 0.009004237288135594 0.009887005649717515 0.0792725988700565 0.028954802259887006 8.827683615819209E-4 1.7655367231638418E-4 1.7655367231638418E-4 0.03637005649717514
5 1.7655367231638418E-4 0.018008474576271187 1.7655367231638418E-4 1.7655367231638418E-4 0.4043079096045198 1.7655367231638418E-4 0.010240112994350282 1.7655367231638418E-4 1.7655367231638418E-4 0.0049435028248587575 1.7655367231638418E-4 0.014477401129943503 1.7655367231638418E-4 1.7655367231638418E-4 0.0026483050847457626 1.7655367231638418E-4 1.7655367231638418E-4 3.5310734463276836E-4 0.007944915254237288 0.5079449152542372 0.027189265536723163
6 0.04360875706214689 0.009004237288135594 0.09110169491525423 0.1984463276836158 0.003884180790960452 0.002824858757062147 0.010063559322033898 0.022245762711864406 0.07715395480225988 0.010946327683615819 0.023305084745762712 0.04360875706214689 0.021892655367231638 0.11475988700564972 0.027718926553672318 0.05067090395480226 0.1396539548022599 0.0803319209039548 1.7655367231638418E-4 0.005296610169491525 0.023305084745762712
7 0.487111581920904 1.7655367231638418E-4 0.0014124293785310734 0.012888418079096044 1.7655367231638418E-4 0.1430084745762712 1.7655367231638418E-4 7.062146892655367E-4 0.05014124293785311 0.00211864406779661 0.0026483050847457626 8.827683615819209E-4 0.15448446327683615 0.006355932203389831 0.025247175141242938 0.07503531073446328 0.012711864406779662 0.002824858757062147 1.7655367231638418E-4 0.0031779661016949155 0.018538135593220338
8 0.08015536723163842 0.007415254237288136 0.07326977401129943 0.13329802259887005 3.5310734463276836E-4 0.026483050847457626 0.011475988700564972 0.010063559322033898 0.04290254237288135 0.00882768361581921 0.013771186440677966 0.04766949152542373 0.006355932203389831 0.20480225988700565 0.1285310734463277 0.07415254237288135 0.07680084745762712 0.031426553672316386 0.002824858757062147 0.0024717514124293787 0.01694915254237288
9 0.04961158192090395 0.003884180790960452 0.1094632768361582 0.13135593220338984 0.004590395480225989 0.08986581920903955 0.04943502824858757 0.013064971751412429 0.04096045197740113 0.012711864406779662 0.00759180790960452 0.13647598870056496 0.027718926553672318 0.06408898305084745 0.036546610169491525 0.10734463276836158 0.0803319209039548 0.014300847457627119 7.062146892655367E-4 0.004766949152542373 0.01518361581920904
10 0.08315677966101695 7.062146892655367E-4 0.23499293785310735 0.2063912429378531 0.003707627118644068 0.029837570621468926 0.025070621468926555 0.00211864406779661 0.025247175141242938 0.0012358757062146894 3.5310734463276836E-4 0.027718926553672318 0.16242937853107345 0.026129943502824857 0.012182203389830509 0.09851694915254237 0.03177966101694915 0.014653954802259887 1.7655367231638418E-4 0.004413841807909605 0.009180790960451978
11 0.012358757062146893 0.001059322033898305 0.4087217514124294 0.08986581920903955 0.0014124293785310734 0.14442090395480225 0.009357344632768362 0.008298022598870056 0.0211864406779661 0.005296610169491525 0.004590395480225989 0.10346045197740113 8.827683615819209E-4 0.04254943502824859 0.02701271186440678 0.04925847457627119 0.0413135593220339 0.015007062146892656 5.296610169491525E-4 0.004766949152542373 0.008651129943502825
12 0.005826271186440678 0.005296610169491525 0.1753177966101695 0.6996822033898306 0.0014124293785310734 0.009180790960451978 0.013241525423728813 5.296610169491525E-4 0.004060734463276836 0.0014124293785310734 5.296610169491525E-4 0.0017655367231638418 1.7655367231638418E-4 0.03425141242937853 0.001059322033898305 0.011122881355932203 0.023834745762711863 0.0024717514124293787 1.7655367231638418E-4 0.0012358757062146894 0.007415254237288136
13 0.006709039548022599 0.0054731638418079095 1.7655367231638418E-4 1.7655367231638418E-4 0.0022951977401129945 1.7655367231638418E-4 0.0017655367231638418 0.11405367231638418 1.7655367231638418E-4 0.7793079096045198 0.024717514124293787 1.7655367231638418E-4 5.296610169491525E-4 1.7655367231638418E-4 1.7655367231638418E-4 1.7655367231638418E-4 0.0015889830508474577 0.05490819209039548 0.003707627118644068 3.5310734463276836E-4 0.0031779661016949155
14 0.057203389830508475 0.0049435028248587575 0.04396186440677966 0.07397598870056497 0.0014124293785310734 0.06391242937853107 0.001942090395480226 0.0012358757062146894 0.014653954802259887 0.0012358757062146894 8.827683615819209E-4 0.04590395480225989 0.054378531073446326 0.022598870056497175 0.009357344632768362 0.4518008474576271 0.1385946327683616 0.005120056497175141 1.7655367231638418E-4 0.003707627118644068 0.003001412429378531
15 0.013241525423728813 0.0015889830508474577 1.7655367231638418E-4 1.7655367231638418E-4 0.5413135593220338 1.7655367231638418E-4 1.7655367231638418E-4 0.0748587570621469 1.7655367231638418E-4 0.2530014124293785 0.037782485875706213 1.7655367231638418E-4 1.7655367231638418E-4 3.5310734463276836E-4 1.7655367231638418E-4 0.0012358757062146894 0.0017655367231638418 0.0715042372881356 1.7655367231638418E-4 1.7655367231638418E-4 0.0015889830508474577
16 0.0413135593220339 0.00759180790960452 0.039901129943502825 0.09322033898305085 0.00759180790960452 0.007768361581920904 0.0278954802259887 0.008298022598870056 0.2231638418079096 0.03283898305084746 0.01942090395480226 0.0446680790960452 0.01977401129943503 0.08015536723163842 0.17461158192090395 0.07909604519774012 0.054378531073446326 0.033192090395480225 3.5310734463276836E-4 0.003707627118644068 0.001059322033898305
17 0.11140536723163842 0.0024717514124293787 0.015360169491525424 0.21698446327683615 0.0017655367231638418 0.004060734463276836 0.003884180790960452 0.021362994350282487 0.3206214689265537 0.013064971751412429 0.0026483050847457626 0.0014124293785310734 0.0737994350282486 0.0323093220338983 0.08615819209039548 0.012711864406779662 0.022598870056497175 0.053319209039548024 1.7655367231638418E-4 0.003707627118644068 1.7655367231638418E-4
18 0.008121468926553672 1.7655367231638418E-4 0.06850282485875706 0.004590395480225989 1.7655367231638418E-4 0.807026836158192 0.012711864406779662 5.296610169491525E-4 0.0024717514124293787 3.5310734463276836E-4 1.7655367231638418E-4 0.07203389830508475 1.7655367231638418E-4 0.002824858757062147 0.0022951977401129945 0.012182203389830509 0.003707627118644068 1.7655367231638418E-4 1.7655367231638418E-4 0.0014124293785310734 1.7655367231638418E-4
19 0.05508474576271186 0.0054731638418079095 0.5383121468926554 0.2800141242937853 1.7655367231638418E-4 5.296610169491525E-4 7.062146892655367E-4 5.296610169491525E-4 5.296610169491525E-4 0.0017655367231638418 0.0049435028248587575 0.010063559322033898 1.7655367231638418E-4 0.062323446327683614 0.001942090395480226 0.010416666666666666 0.013418079096045197 0.00882768361581921 0.0015889830508474577 0.003001412429378531 1.7655367231638418E-4
20 0.023305084745762712 0.0054731638418079095 0.006532485875706214 0.053319209039548024 0.022069209039548024 0.0017655367231638418 0.011122881355932203 0.2715395480225989 0.07627118644067797 0.07768361581920905 0.0211864406779661 0.007062146892655367 0.014830508474576272 0.022245762711864406 0.08227401129943503 0.013771186440677966 0.05861581920903955 0.2067443502824859 0.0026483050847457626 0.021362994350282487 1.7655367231638418E-4
21 0.0031779661016949155 0.002824858757062147 1.7655367231638418E-4 1.7655367231638418E-4 0.060557909604519775 1.7655367231638418E-4 1.7655367231638418E-4 0.4231991525423729 1.7655367231638418E-4 0.24964689265536724 0.03389830508474576 1.7655367231638418E-4 1.7655367231638418E-4 1.7655367231638418E-4 1.7655367231638418E-4 1.7655367231638418E-4 1.7655367231638418E-4 0.2030367231638418 1.7655367231638418E-4 0.021362994350282487 1.7655367231638418E-4
22 0.024364406779661018 0.005120056497175141 0.038135593220338986 0.1283545197740113 0.034427966101694914 0.00211864406779661 0.04184322033898305 0.06514830508474577 0.048728813559322036 0.0646186440677966 0.022422316384180793 0.029484463276836157 1.7655367231638418E-4 0.06532485875706215 0.05314265536723164 0.02754237288135593 0.1987994350282486 0.05526129943502825 0.008121468926553672 0.08633474576271187 5.296610169491525E-4
23 0.003884180790960452 0.0015889830508474577 0.013594632768361582 0.009533898305084746 0.004060734463276836 0.00423728813559322 0.007768361581920904 0.2538841807909605 0.01182909604519774 0.1528954802259887 0.001059322033898305 0.046610169491525424 1.7655367231638418E-4 0.0015889830508474577 0.0022951977401129945 7.062146892655367E-4 7.062146892655367E-4 0.4818149717514124 1.7655367231638418E-4 5.296610169491525E-4 0.001059322033898305
24 0.006002824858757062 0.007768361581920904 0.012711864406779662 0.009180790960451978 0.015713276836158193 0.001942090395480226 0.022245762711864406 0.2323446327683616 0.007415254237288136 0.3880649717514124 0.026836158192090395 0.0012358757062146894 8.827683615819209E-4 0.010769774011299435 0.027189265536723163 0.0245409604519774 0.06391242937853107 0.11917372881355932 1.7655367231638418E-4 0.020833333333333332 0.001059322033898305
25 0.0346045197740113 0.001942090395480226 0.14106638418079095 0.2563559322033898 0.0015889830508474577 0.045374293785310736 0.02030367231638418 0.0022951977401129945 0.08968926553672317 0.006179378531073447 0.0014124293785310734 0.12023305084745763 0.0033545197740112993 0.05967514124293785 0.08562853107344633 0.08403954802259887 0.020480225988700564 0.003001412429378531 1.7655367231638418E-4 0.021009887005649718 0.0015889830508474577
26 0.025600282485875706 0.0022951977401129945 0.0881002824858757 0.08350988700564972 0.016596045197740113 0.006709039548022599 0.018008474576271187 0.013594632768361582 0.2572387005649718 0.010769774011299435 0.03036723163841808 0.030190677966101694 0.015713276836158193 0.09639830508474577 0.1437146892655367 0.04590395480225989 0.031426553672316386 0.031603107344632765 0.0015889830508474577 0.02065677966101695 0.03001412429378531
27 0.026129943502824857 0.03072033898305085 0.10575564971751412 0.11458333333333333 0.003707627118644068 0.02489406779661017 0.022245762711864406 0.06973870056497175 0.027189265536723163 0.03372175141242938 0.014300847457627119 0.07062146892655367 0.036546610169491525 0.04784604519774011 0.014300847457627119 0.15554378531073446 0.09392655367231638 0.09304378531073447 3.5310734463276836E-4 0.00882768361581921 0.006002824858757062
28 0.03372175141242938 0.00847457627118644 0.3633474576271186 0.12870762711864406 0.001059322033898305 0.06550141242937853 0.014300847457627119 0.0035310734463276836 0.04413841807909605 0.013241525423728813 8.827683615819209E-4 0.1059322033898305 0.026659604519774012 0.038312146892655365 0.013064971751412429 0.055614406779661014 0.04219632768361582 0.01942090395480226 0.0012358757062146894 0.01694915254237288 0.003707627118644068
29 0.03919491525423729 0.0022951977401129945 0.2364053672316384 0.18149717514124294 0.0012358757062146894 0.1350635593220339 0.011652542372881356 0.006532485875706214 0.04254943502824859 0.007944915254237288 0.006002824858757062 0.06179378531073446 0.06973870056497175 0.03672316384180791 0.021716101694915255 0.09427966101694915 0.02489406779661017 0.00759180790960452 1.7655367231638418E-4 0.0031779661016949155 0.009533898305084746
30 0.004590395480225989 5.296610169491525E-4 0.2009180790960452 0.1128177966101695 0.0031779661016949155 0.4149011299435028 0.022069209039548024 3.5310734463276836E-4 0.00423728813559322 0.006355932203389831 0.009533898305084746 0.1071680790960452 0.008121468926553672 0.01606638418079096 0.0031779661016949155 0.01059322033898305 0.0022951977401129945 8.827683615819209E-4 1.7655367231638418E-4 0.012535310734463278 0.05949858757062147
31 1.7655367231638418E-4 0.006709039548022599 1.7655367231638418E-4 1.7655367231638418E-4 0.0017655367231638418 1.7655367231638418E-4 1.7655367231638418E-4 1.7655367231638418E-4 1.7655367231638418E-4 5.296610169491525E-4 1.7655367231638418E-4 1.7655367231638418E-4 1.7655367231638418E-4 1.7655367231638418E-4 7.062146892655367E-4 1.7655367231638418E-4 1.7655367231638418E-4 3.5310734463276836E-4 0.9775776836158192 0.0015889830508474577 0.00847457627118644
32 0.02754237288135593 0.039901129943502825 1.7655367231638418E-4 1.7655367231638418E-4 0.07185734463276836 0.0012358757062146894 5.296610169491525E-4 0.013064971751412429 1.7655367231638418E-4 0.09622175141242938 0.029484463276836157 1.7655367231638418E-4 3.5310734463276836E-4 0.003707627118644068 7.062146892655367E-4 0.016242937853107344 0.026483050847457626 0.013418079096045197 0.5411370056497176 0.10858050847457627 0.00882768361581921
33 0.006355932203389831 0.0012358757062146894 0.0178319209039548 0.196680790960452 0.042019774011299436 0.00759180790960452 0.006709039548022599 0.021892655367231638 0.15218926553672316 0.10469632768361582 0.0278954802259887 0.00971045197740113 3.5310734463276836E-4 0.0480225988700565 0.134180790960452 0.015536723163841809 0.05120056497175141 0.060557909604519775 0.03177966101694915 0.05349576271186441 0.010063559322033898
34 0.2100988700564972 0.04449152542372881 1.7655367231638418E-4 1.7655367231638418E-4 1.7655367231638418E-4 0.561087570621469 3.5310734463276836E-4 0.022069209039548024 1.7655367231638418E-4 0.0022951977401129945 5.296610169491525E-4 3.5310734463276836E-4 5.296610169491525E-4 1.7655367231638418E-4 3.5310734463276836E-4 8.827683615819209E-4 0.0014124293785310734 0.1437146892655367 1.7655367231638418E-4 1.7655367231638418E-4 0.01059322033898305
35 0.015360169491525424 0.009180790960451978 0.01182909604519774 0.21839689265536724 0.004766949152542373 0.008651129943502825 0.019950564971751412 0.017478813559322032 0.1239406779661017 0.012888418079096044 0.023834745762711863 0.004590395480225989 1.7655367231638418E-4 0.05632062146892655 0.24382062146892655 0.052083333333333336 0.0824505649717514 0.0625 7.062146892655367E-4 0.0178319209039548 0.013241525423728813
36 0.01694915254237288 0.056673728813559324 0.034427966101694914 8.827683615819209E-4 0.01641949152542373 0.01182909604519774 0.036546610169491525 0.0882768361581921 0.05632062146892655 0.18573446327683615 0.022069209039548024 0.1417725988700565 0.01394774011299435 0.0024717514124293787 0.06603107344632768 0.08951271186440678 0.026306497175141243 0.0824505649717514 8.827683615819209E-4 0.036016949152542374 0.014477401129943503
37 0.056673728813559324 0.0049435028248587575 0.0513771186440678 0.048375706214689264 0.0015889830508474577 0.0859816384180791 0.0423728813559322 0.03584039548022599 0.0847457627118644 0.09322033898305085 0.021009887005649718 0.17108050847457626 0.039901129943502825 0.061087570621468926 0.067090395480226 0.05526129943502825 0.021716101694915255 0.03036723163841808 0.0026483050847457626 0.009180790960451978 0.015536723163841809
38 0.046610169491525424 0.0015889830508474577 0.10663841807909605 0.03283898305084746 0.003707627118644068 0.05526129943502825 0.010769774011299435 0.004060734463276836 0.0446680790960452 0.013771186440677966 0.00423728813559322 0.047139830508474576 0.001942090395480226 0.0167725988700565 0.1262358757062147 0.0702683615819209 0.04749293785310735 0.010946327683615819 3.5310734463276836E-4 0.0054731638418079095 0.3492231638418079
39 0.003707627118644068 3.5310734463276836E-4 0.034781073446327686 0.010769774011299435 8.827683615819209E-4 0.033192090395480225 0.001942090395480226 0.0035310734463276836 0.01182909604519774 0.001942090395480226 3.5310734463276836E-4 0.025600282485875706 0.006709039548022599 0.009887005649717515 0.02365819209039548 0.0356638418079096 0.1707274011299435 0.0015889830508474577 1.7655367231638418E-4 3.5310734463276836E-4 0.6223516949152542
40 0.005826271186440678 0.001059322033898305 0.006885593220338983 0.021009887005649718 0.001942090395480226 0.5630296610169492 0.006002824858757062 5.296610169491525E-4 0.023128531073446326 0.0049435028248587575 0.0012358757062146894 0.06638418079096045 0.0015889830508474577 0.017125706214689264 0.023128531073446326 0.032662429378531074 0.006709039548022599 0.00211864406779661 0.0035310734463276836 0.001059322033898305 0.2100988700564972
41 0.037076271186440676 0.014477401129943503 0.020127118644067795 0.09869350282485875 0.0035310734463276836 0.03725282485875706 0.02489406779661017 0.015007062146892656 0.1866172316384181 0.02842514124293785 0.01394774011299435 0.0278954802259887 0.005296610169491525 0.163135593220339 0.18132062146892655 0.022775423728813558 0.02030367231638418 0.045374293785310736 5.296610169491525E-4 0.0015889830508474577 0.051730225988700564
42 0.0178319209039548 0.006179378531073447 0.013594632768361582 0.16790254237288135 0.0356638418079096 8.827683615819209E-4 0.0054731638418079095 0.07609463276836158 0.06197033898305085 0.008298022598870056 0.00847457627118644 0.005296610169491525 0.01694915254237288 0.091454802259887 0.0858050847457627 0.0513771186440678 0.1731991525423729 0.10981638418079095 8.827683615819209E-4 0.01641949152542373 0.04643361581920904
43 0.006355932203389831 3.5310734463276836E-4 1.7655367231638418E-4 1.7655367231638418E-4 0.00211864406779661 0.928319209039548 0.0014124293785310734 1.7655367231638418E-4 0.001942090395480226 0.004060734463276836 0.0014124293785310734 7.062146892655367E-4 1.7655367231638418E-4 8.827683615819209E-4 1.7655367231638418E-4 0.0017655367231638418 1.7655367231638418E-4 1.7655367231638418E-4 1.7655367231638418E-4 0.001059322033898305 0.048199152542372885
44 0.0035310734463276836 0.0014124293785310734 3.5310734463276836E-4 5.296610169491525E-4 0.09286723163841808 1.7655367231638418E-4 0.0049435028248587575 0.13983050847457626 0.004766949152542373 0.2736581920903955 0.055967514124293787 0.00423728813559322 7.062146892655367E-4 0.014124293785310734 0.0012358757062146894 0.006179378531073447 0.018891242937853107 0.05031779661016949 0.1440677966101695 0.12888418079096045 0.053319209039548024
45 0.03425141242937853 0.00759180790960452 1.7655367231638418E-4 1.7655367231638418E-4 0.4646892655367232 1.7655367231638418E-4 1.7655367231638418E-4 0.1449505649717514 1.7655367231638418E-4 0.031426553672316386 8.827683615819209E-4 1.7655367231638418E-4 1.7655367231638418E-4 1.7655367231638418E-4 1.7655367231638418E-4 5.296610169491525E-4 0.003001412429378531 0.2364053672316384 1.7655367231638418E-4 0.0178319209039548 0.056673728813559324
46 1.7655367231638418E-4 1.7655367231638418E-4 1.7655367231638418E-4 1.7655367231638418E-4 1.7655367231638418E-4 1.7655367231638418E-4 1.7655367231638418E-4 1.7655367231638418E-4 1.7655367231638418E-4 1.7655367231638418E-4 1.7655367231638418E-4 1.7655367231638418E-4 0.9286723163841808 1.7655367231638418E-4 1.7655367231638418E-4 1.7655367231638418E-4 1.7655367231638418E-4 3.5310734463276836E-4 1.7655367231638418E-4 1.7655367231638418E-4 0.06779661016949153

